.00000004214728 -2.158494E-10 -4.174873E-11 -2.224788E-11 -1.856186E-11 -2.224802E-11 -4.172616E-11 -2.158831E-10 -2.158494E-10 .00000004208164 -2.160266E-10 -4.169385E-11 -2.224218E-11 -1.853806E-11 -2.224643E-11 -4.166309E-11 -4.174873E-11 -2.160266E-10 .00000004208276 -2.154916E-10 -4.16669E-11 -2.223568E-11 -1.855494E-11 -2.223117E-11 -2.224788E-11 -4.169385E-11 -2.154916E-10 .0000000421159 -2.152307E-10 -4.166512E-11 -2.224023E-11 -1.853768E-11 -1.856186E-11 -2.224218E-11 -4.16669E-11 -2.152307E-10 .00000004212588 -2.151406E-10 -4.171379E-11 -2.221869E-11 -2.224802E-11 -1.853806E-11 -2.223568E-11 -4.166512E-11 -2.151406E-10 .0000000420922 -.000000000215856 -4.163285E-11 -4.172616E-11 -2.224643E-11 -1.855494E-11 -2.224023E-11 -4.171379E-11 -.000000000215856 .00000004211027 -2.155481E-10 -2.158831E-10 -4.166309E-11 -2.223117E-11 -1.853768E-11 -2.221869E-11 -4.163285E-11 -2.155481E-10 .00000004213331 
.00000004210994 -2.153046E-10 -4.168351E-11 -2.221506E-11 -1.854783E-11 -2.22311E-11 -4.168865E-11 -2.156515E-10 -2.153046E-10 .00000004205921 -2.145557E-10 -4.160375E-11 -2.221832E-11 -1.852114E-11 -2.221593E-11 -4.160752E-11 -4.168351E-11 -2.145557E-10 .00000004211665 -2.157641E-10 -4.167768E-11 -2.221664E-11 -1.854453E-11 -2.222177E-11 -2.221506E-11 -4.160375E-11 -2.157641E-10 .00000004213159 -2.154022E-10 -4.159844E-11 -2.221721E-11 -1.85233E-11 -1.854783E-11 -2.221832E-11 -4.167768E-11 -2.154022E-10 .00000004211589 -2.152593E-10 -4.166859E-11 -2.22271E-11 -2.22311E-11 -1.852114E-11 -2.221664E-11 -4.159844E-11 -2.152593E-10 .00000004211322 -2.149265E-10 -4.164812E-11 -4.168865E-11 -2.221593E-11 -1.854453E-11 -2.221721E-11 -4.166859E-11 -2.149265E-10 .00000004209013 -2.155166E-10 -2.156515E-10 -4.160752E-11 -2.222177E-11 -1.85233E-11 -2.22271E-11 -4.164812E-11 -2.155166E-10 .0000000420829 
.00000004213638 -2.150767E-10 -4.175577E-11 -.000000000022242 -1.856715E-11 -2.224899E-11 -4.172614E-11 -2.158655E-10 -2.150767E-10 .00000004209363 -2.159685E-10 -4.167111E-11 -2.224808E-11 -1.854321E-11 -2.223338E-11 -4.16643E-11 -4.175577E-11 -2.159685E-10 .00000004212781 -2.163435E-10 -4.175041E-11 -2.225043E-11 -1.85737E-11 -2.224627E-11 -.000000000022242 -4.167111E-11 -2.163435E-10 .0000000420825 -2.159512E-10 -4.168152E-11 -2.224305E-11 -1.853804E-11 -1.856715E-11 -2.224808E-11 -4.175041E-11 -2.159512E-10 .00000004211051 -2.155753E-10 -4.173255E-11 -2.224211E-11 -2.224899E-11 -1.854321E-11 -2.225043E-11 -4.168152E-11 -2.155753E-10 .00000004209018 -2.160988E-10 -4.167394E-11 -4.172614E-11 -2.223338E-11 -1.85737E-11 -2.224305E-11 -4.173255E-11 -2.160988E-10 .00000004209872 -2.156056E-10 -2.158655E-10 -4.16643E-11 -2.224627E-11 -1.853804E-11 -2.224211E-11 -4.167394E-11 -2.156056E-10 .00000004209142 
.00000004211312 -2.152239E-10 -4.171785E-11 -2.224083E-11 -1.856382E-11 -2.224148E-11 -4.171637E-11 -.000000000215938 -2.152239E-10 .00000004207751 -2.156843E-10 -4.164776E-11 -2.223556E-11 -1.853185E-11 -2.222461E-11 -4.166045E-11 -4.171785E-11 -2.156843E-10 .00000004210601 -2.150605E-10 -4.172679E-11 -2.223164E-11 -1.855895E-11 -2.223866E-11 -2.224083E-11 -4.164776E-11 -2.150605E-10 .00000004210932 -2.156542E-10 -4.164126E-11 -2.224039E-11 -1.854174E-11 -1.856382E-11 -2.223556E-11 -4.172679E-11 -2.156542E-10 .00000004217166 -.000000000214024 -4.169356E-11 -2.22419E-11 -2.224148E-11 -1.853185E-11 -2.223164E-11 -4.164126E-11 -.000000000214024 .0000000421178 -2.159387E-10 -4.164853E-11 -4.171637E-11 -2.222461E-11 -1.855895E-11 -2.224039E-11 -4.169356E-11 -2.159387E-10 .00000004209639 -2.156283E-10 -.000000000215938 -4.166045E-11 -2.223866E-11 -1.854174E-11 -2.22419E-11 -4.164853E-11 -2.156283E-10 .0000000420805 
.00000004211441 -2.151817E-10 -4.167297E-11 -2.221743E-11 -1.855405E-11 -2.22202E-11 -4.162958E-11 -2.157492E-10 -2.151817E-10 .00000004214849 -2.157114E-10 -4.165785E-11 -2.224303E-11 -1.853431E-11 -2.221451E-11 -4.165575E-11 -4.167297E-11 -2.157114E-10 .00000004212793 -2.154858E-10 -4.171655E-11 -2.222433E-11 -1.85332E-11 -2.222572E-11 -2.221743E-11 -4.165785E-11 -2.154858E-10 .00000004210556 -2.156379E-10 -4.164904E-11 -2.22069E-11 -1.853108E-11 -1.855405E-11 -2.224303E-11 -4.171655E-11 -2.156379E-10 .00000004214498 -2.159676E-10 -4.168281E-11 -2.224956E-11 -2.22202E-11 -1.853431E-11 -2.222433E-11 -4.164904E-11 -2.159676E-10 .00000004213374 -2.155289E-10 -4.165733E-11 -4.162958E-11 -2.221451E-11 -1.85332E-11 -2.22069E-11 -4.168281E-11 -2.155289E-10 .00000004207629 -2.157287E-10 -2.157492E-10 -4.165575E-11 -2.222572E-11 -1.853108E-11 -2.224956E-11 -4.165733E-11 -2.157287E-10 .0000000421461 
.00000004214119 -2.158296E-10 -4.16813E-11 -2.223836E-11 -1.856036E-11 -2.224091E-11 -4.171031E-11 -2.156516E-10 -2.158296E-10 .00000004207839 -2.157548E-10 -4.165142E-11 -2.221802E-11 -1.852898E-11 -2.223552E-11 -4.163478E-11 -4.16813E-11 -2.157548E-10 .00000004208673 -2.150026E-10 -4.166074E-11 -2.221961E-11 -1.854193E-11 -2.221251E-11 -2.223836E-11 -4.165142E-11 -2.150026E-10 .0000000421104 -2.153725E-10 -4.16292E-11 -2.222994E-11 -1.852734E-11 -1.856036E-11 -2.221802E-11 -4.166074E-11 -2.153725E-10 .00000004211251 -2.153821E-10 -4.169067E-11 -2.221955E-11 -2.224091E-11 -1.852898E-11 -2.221961E-11 -4.16292E-11 -2.153821E-10 .00000004205245 -.000000000215562 -4.162134E-11 -4.171031E-11 -2.223552E-11 -1.854193E-11 -2.222994E-11 -4.169067E-11 -.000000000215562 .00000004207102 -2.153358E-10 -2.156516E-10 -4.163478E-11 -2.221251E-11 -1.852734E-11 -2.221955E-11 -4.162134E-11 -2.153358E-10 .00000004209662 
.0000000421666 -2.159345E-10 -4.177546E-11 -2.223965E-11 -1.857424E-11 -2.224711E-11 -4.175799E-11 -2.160608E-10 -2.159345E-10 .00000004217222 -.000000000216069 -4.169247E-11 -2.225741E-11 -1.854823E-11 -2.226363E-11 -4.169135E-11 -4.177546E-11 -.000000000216069 .00000004215557 -2.156242E-10 -4.178585E-11 -2.226239E-11 -1.858893E-11 -2.226587E-11 -2.223965E-11 -4.169247E-11 -2.156242E-10 .00000004212657 -2.160323E-10 -4.168362E-11 -2.225631E-11 -1.854201E-11 -1.857424E-11 -2.225741E-11 -4.178585E-11 -2.160323E-10 .0000000421725 -2.152291E-10 -4.175007E-11 -2.224043E-11 -2.224711E-11 -1.854823E-11 -2.226239E-11 -4.168362E-11 -2.152291E-10 .00000004213957 -2.162033E-10 -4.164482E-11 -4.175799E-11 -2.226363E-11 -1.858893E-11 -2.225631E-11 -4.175007E-11 -2.162033E-10 .00000004218989 -2.160816E-10 -2.160608E-10 -4.169135E-11 -2.226587E-11 -1.854201E-11 -2.224043E-11 -4.164482E-11 -2.160816E-10 .00000004212511 
.00000004213952 -2.156648E-10 -4.17401E-11 -2.218607E-11 -1.853255E-11 -2.223069E-11 -4.171616E-11 -2.154796E-10 -2.156648E-10 .00000004208969 -2.154759E-10 -4.157916E-11 -2.216483E-11 -1.850923E-11 -2.221609E-11 -4.167586E-11 -4.17401E-11 -2.154759E-10 .00000004210106 -2.155112E-10 -4.161753E-11 -2.219758E-11 -1.854297E-11 -2.224237E-11 -2.218607E-11 -4.157916E-11 -2.155112E-10 .00000004208385 -2.159296E-10 -4.167101E-11 -2.221964E-11 -1.850172E-11 -1.853255E-11 -2.216483E-11 -4.161753E-11 -2.159296E-10 .00000004209837 -.000000000215479 -4.171523E-11 -2.222277E-11 -2.223069E-11 -1.850923E-11 -2.219758E-11 -4.167101E-11 -.000000000215479 .00000004207 -2.156462E-10 -4.164086E-11 -4.171616E-11 -2.221609E-11 -1.854297E-11 -2.221964E-11 -4.171523E-11 -2.156462E-10 .00000004208375 -2.156064E-10 -2.154796E-10 -4.167586E-11 -2.224237E-11 -1.850172E-11 -2.222277E-11 -4.164086E-11 -2.156064E-10 .00000004207443 
.00000004212789 -2.150944E-10 -4.167516E-11 -2.223111E-11 -1.855216E-11 -2.222519E-11 -4.164921E-11 -2.156932E-10 -2.150944E-10 .0000000420898 -2.151053E-10 -4.166632E-11 -2.223942E-11 -1.853627E-11 -2.222501E-11 -4.162076E-11 -4.167516E-11 -2.151053E-10 .00000004207247 -2.154568E-10 -4.169731E-11 -2.221084E-11 -1.853155E-11 -2.221333E-11 -2.223111E-11 -4.166632E-11 -2.154568E-10 .000000042078 -2.156361E-10 -4.163749E-11 -2.221166E-11 -1.852685E-11 -1.855216E-11 -2.223942E-11 -4.169731E-11 -2.156361E-10 .00000004212774 -2.153804E-10 -4.167976E-11 -2.222981E-11 -2.222519E-11 -1.853627E-11 -2.221084E-11 -4.163749E-11 -2.153804E-10 .00000004206892 -2.153367E-10 -4.164971E-11 -4.164921E-11 -2.222501E-11 -1.853155E-11 -2.221166E-11 -4.167976E-11 -2.153367E-10 .0000000420607 -2.159078E-10 -2.156932E-10 -4.162076E-11 -2.221333E-11 -1.852685E-11 -2.222981E-11 -4.164971E-11 -2.159078E-10 .00000004208004 
.00000004218152 -2.157703E-10 -4.180966E-11 -2.226552E-11 -1.858748E-11 -2.22649E-11 -4.184638E-11 -2.161599E-10 -2.157703E-10 .00000004212757 -2.154696E-10 -4.168928E-11 -2.225367E-11 -1.854406E-11 -2.227839E-11 -4.167647E-11 -4.180966E-11 -2.154696E-10 .00000004224066 -2.160314E-10 -4.177247E-11 -2.225781E-11 -1.860453E-11 -2.226078E-11 -2.226552E-11 -4.168928E-11 -2.160314E-10 .00000004214369 -2.161975E-10 -4.167991E-11 -2.228581E-11 -1.854549E-11 -1.858748E-11 -2.225367E-11 -4.177247E-11 -2.161975E-10 .00000004217344 -2.155963E-10 -4.182931E-11 -2.225236E-11 -2.22649E-11 -1.854406E-11 -2.225781E-11 -4.167991E-11 -2.155963E-10 .00000004218286 -2.168094E-10 -4.167493E-11 -4.184638E-11 -2.227839E-11 -1.860453E-11 -2.228581E-11 -4.182931E-11 -2.168094E-10 .00000004221864 -2.166662E-10 -2.161599E-10 -4.167647E-11 -2.226078E-11 -1.854549E-11 -2.225236E-11 -4.167493E-11 -2.166662E-10 .00000004211062 
.00000004213545 -2.161763E-10 -4.177132E-11 -2.224227E-11 -1.857637E-11 -2.224576E-11 -4.171595E-11 -.000000000215811 -2.161763E-10 .00000004207445 -2.157863E-10 -4.164902E-11 -2.224059E-11 -1.853213E-11 -2.222999E-11 -4.16361E-11 -4.177132E-11 -2.157863E-10 .00000004212509 -2.152978E-10 -4.174229E-11 -2.224308E-11 -1.856335E-11 -2.223517E-11 -2.224227E-11 -4.164902E-11 -2.152978E-10 .00000004207919 -.000000000215687 -4.165325E-11 -2.222596E-11 -1.851858E-11 -1.857637E-11 -2.224059E-11 -4.174229E-11 -.000000000215687 .0000000421162 -2.154448E-10 -4.172231E-11 -2.222814E-11 -2.224576E-11 -1.853213E-11 -2.224308E-11 -4.165325E-11 -2.154448E-10 .00000004208503 -2.159348E-10 -4.163026E-11 -4.171595E-11 -2.222999E-11 -1.856335E-11 -2.222596E-11 -4.172231E-11 -2.159348E-10 .00000004212265 -2.148362E-10 -.000000000215811 -4.16361E-11 -2.223517E-11 -1.851858E-11 -2.222814E-11 -4.163026E-11 -2.148362E-10 .00000004212333 
.00000004213747 -2.156019E-10 -4.17149E-11 -2.224234E-11 -1.856051E-11 -2.224059E-11 -4.171319E-11 -2.156612E-10 -2.156019E-10 .00000004210077 -2.156554E-10 -4.165792E-11 -2.223175E-11 -1.85326E-11 -2.22397E-11 -4.165164E-11 -4.17149E-11 -2.156554E-10 .00000004212695 -2.155902E-10 -4.171078E-11 -2.222785E-11 -1.856068E-11 -2.224586E-11 -2.224234E-11 -4.165792E-11 -2.155902E-10 .00000004208811 -2.158669E-10 -4.163247E-11 -2.224433E-11 -1.85413E-11 -1.856051E-11 -2.223175E-11 -4.171078E-11 -2.158669E-10 .00000004213242 -.000000000214681 -4.168945E-11 -2.223232E-11 -2.224059E-11 -1.85326E-11 -2.222785E-11 -4.163247E-11 -.000000000214681 .00000004212462 -2.158753E-10 -4.167605E-11 -4.171319E-11 -2.22397E-11 -1.856068E-11 -2.224433E-11 -4.168945E-11 -2.158753E-10 .00000004214045 -2.152893E-10 -2.156612E-10 -4.165164E-11 -2.224586E-11 -1.85413E-11 -2.223232E-11 -4.167605E-11 -2.152893E-10 .00000004209196 
.00000004210614 -2.152884E-10 -4.165477E-11 -2.223029E-11 -1.857027E-11 -2.227908E-11 -4.007618E-11 -2.163006E-10 -2.152884E-10 .00000004212994 -.000000000215734 -4.161208E-11 -2.222508E-11 -1.854763E-11 -2.134339E-11 -4.167411E-11 -4.165477E-11 -.000000000215734 .00000004212357 -.000000000215241 -4.16651E-11 -2.223335E-11 -1.78434E-11 -2.223912E-11 -2.223029E-11 -4.161208E-11 -.000000000215241 .00000004209776 -.000000000215581 -4.16607E-11 -2.147213E-11 -1.854892E-11 -1.857027E-11 -2.222508E-11 -4.16651E-11 -.000000000215581 .00000004215545 -2.151664E-10 -4.055763E-11 -2.224891E-11 -2.227908E-11 -1.854763E-11 -2.223335E-11 -4.16607E-11 -2.151664E-10 .00000004206828 -2.135911E-10 -4.161312E-11 -4.007618E-11 -2.134339E-11 -1.78434E-11 -2.147213E-11 -4.055763E-11 -2.135911E-10 .00000004213687 -2.105478E-10 -2.163006E-10 -4.167411E-11 -2.223912E-11 -1.854892E-11 -2.224891E-11 -4.161312E-11 -2.105478E-10 .00000004212632 
.00000004212615 -2.154099E-10 -4.168635E-11 -2.222231E-11 -1.856709E-11 -.000000000022256 -4.105339E-11 -.000000000215647 -2.154099E-10 .00000004210726 -2.159544E-10 -4.164574E-11 -2.22545E-11 -1.855999E-11 -2.196102E-11 -4.165879E-11 -4.168635E-11 -2.159544E-10 .00000004210795 -2.152713E-10 -4.16973E-11 -2.22513E-11 -1.835807E-11 -2.222243E-11 -2.222231E-11 -4.164574E-11 -2.152713E-10 .00000004207202 -2.154009E-10 -4.167679E-11 -2.204202E-11 -.000000000018515 -1.856709E-11 -2.22545E-11 -4.16973E-11 -2.154009E-10 .00000004213912 -.000000000215723 -4.149691E-11 -2.219901E-11 -.000000000022256 -1.855999E-11 -2.22513E-11 -4.167679E-11 -.000000000215723 .00000004211205 -2.150971E-10 -4.149483E-11 -4.105339E-11 -2.196102E-11 -1.835807E-11 -2.204202E-11 -4.149691E-11 -2.150971E-10 .00000004207581 -2.112804E-10 -.000000000215647 -4.165879E-11 -2.222243E-11 -.000000000018515 -2.219901E-11 -4.149483E-11 -2.112804E-10 .00000004210044 
.00000004215336 -2.158923E-10 -4.169695E-11 -2.22201E-11 -1.855746E-11 -2.223846E-11 -4.17292E-11 -2.156854E-10 -2.158923E-10 .00000004211394 -2.160952E-10 -4.16522E-11 -2.223619E-11 -1.853769E-11 -2.225367E-11 -4.167605E-11 -4.169695E-11 -2.160952E-10 .00000004212804 -2.153971E-10 -4.17105E-11 -2.222678E-11 -1.855791E-11 -2.224067E-11 -2.22201E-11 -4.16522E-11 -2.153971E-10 .00000004206323 -2.157444E-10 -4.161425E-11 -2.223374E-11 -1.853651E-11 -1.855746E-11 -2.223619E-11 -4.17105E-11 -2.157444E-10 .00000004211087 -2.150682E-10 -4.170213E-11 -2.224436E-11 -2.223846E-11 -1.853769E-11 -2.222678E-11 -4.161425E-11 -2.150682E-10 .00000004213816 -2.154719E-10 -4.166775E-11 -4.17292E-11 -2.225367E-11 -1.855791E-11 -2.223374E-11 -4.170213E-11 -2.154719E-10 .0000000421203 -2.158227E-10 -2.156854E-10 -4.167605E-11 -2.224067E-11 -1.853651E-11 -2.224436E-11 -4.166775E-11 -2.158227E-10 .00000004210038 
.00000004212036 -2.155385E-10 -4.173069E-11 -2.222933E-11 -1.854768E-11 -2.22374E-11 -4.171215E-11 -2.155161E-10 -2.155385E-10 .00000004207797 -2.159682E-10 -4.166049E-11 -2.222859E-11 -1.853332E-11 -2.222792E-11 -4.16542E-11 -4.173069E-11 -2.159682E-10 .00000004214219 -2.157302E-10 -4.169839E-11 -2.223155E-11 -1.855218E-11 -2.222859E-11 -2.222933E-11 -4.166049E-11 -2.157302E-10 .00000004209154 -2.154886E-10 -4.163368E-11 -2.222557E-11 -1.852596E-11 -1.854768E-11 -2.222859E-11 -4.169839E-11 -2.154886E-10 .00000004210614 -2.148556E-10 -4.166461E-11 -2.221458E-11 -2.22374E-11 -1.853332E-11 -2.223155E-11 -4.163368E-11 -2.148556E-10 .00000004207692 -2.156614E-10 -4.165074E-11 -4.171215E-11 -2.222792E-11 -1.855218E-11 -2.222557E-11 -4.166461E-11 -2.156614E-10 .00000004209788 -2.158748E-10 -2.155161E-10 -4.16542E-11 -2.222859E-11 -1.852596E-11 -2.221458E-11 -4.165074E-11 -2.158748E-10 .00000004210142 
.00000004215015 -2.156814E-10 -4.171539E-11 -2.222662E-11 -1.856479E-11 -2.223792E-11 -4.16838E-11 -2.161858E-10 -2.156814E-10 .00000004210212 -2.156783E-10 -4.164508E-11 -2.224151E-11 -1.853455E-11 -2.221735E-11 -4.167437E-11 -4.171539E-11 -2.156783E-10 .00000004208512 -2.152134E-10 -4.171189E-11 -2.222249E-11 -1.854283E-11 -2.224002E-11 -2.222662E-11 -4.164508E-11 -2.152134E-10 .0000000421023 -2.157356E-10 -4.163586E-11 -2.22209E-11 -1.853496E-11 -1.856479E-11 -2.224151E-11 -4.171189E-11 -2.157356E-10 .00000004213217 -2.155382E-10 -4.168594E-11 -2.224624E-11 -2.223792E-11 -1.853455E-11 -2.222249E-11 -4.163586E-11 -2.155382E-10 .0000000420977 -.000000000215256 -4.164916E-11 -4.16838E-11 -2.221735E-11 -1.854283E-11 -2.22209E-11 -4.168594E-11 -.000000000215256 .00000004207618 -2.159137E-10 -2.161858E-10 -4.167437E-11 -2.224002E-11 -1.853496E-11 -2.224624E-11 -4.164916E-11 -2.159137E-10 .00000004214794 
.00000004211551 -2.156598E-10 -4.171327E-11 -2.223869E-11 -1.856975E-11 -2.224991E-11 -4.174138E-11 -.000000000215879 -2.156598E-10 .00000004211002 -2.157453E-10 -4.164653E-11 -2.224868E-11 -1.853601E-11 -2.223705E-11 -4.167298E-11 -4.171327E-11 -2.157453E-10 .00000004210813 -2.153609E-10 -4.172099E-11 -2.222772E-11 -1.854814E-11 -2.222473E-11 -2.223869E-11 -4.164653E-11 -2.153609E-10 .00000004211517 -2.159556E-10 -4.165774E-11 -2.223305E-11 -1.852752E-11 -1.856975E-11 -2.224868E-11 -4.172099E-11 -2.159556E-10 .00000004213945 -2.161365E-10 -4.171255E-11 -2.224146E-11 -2.224991E-11 -1.853601E-11 -2.222772E-11 -4.165774E-11 -2.161365E-10 .00000004210151 -2.156687E-10 -4.16543E-11 -4.174138E-11 -2.223705E-11 -1.854814E-11 -2.223305E-11 -4.171255E-11 -2.156687E-10 .00000004213043 -2.155138E-10 -.000000000215879 -4.167298E-11 -2.222473E-11 -1.852752E-11 -2.224146E-11 -4.16543E-11 -2.155138E-10 .00000004206126 
.00000004207859 -2.156078E-10 -4.16956E-11 -.000000000022241 -1.855287E-11 -2.22323E-11 -4.170378E-11 -2.156597E-10 -2.156078E-10 .000000042115 -2.155951E-10 -4.164395E-11 -2.223112E-11 -1.852793E-11 -2.223592E-11 -4.166242E-11 -4.16956E-11 -2.155951E-10 .00000004208777 -2.152534E-10 -4.169601E-11 -2.22355E-11 -1.856378E-11 -2.224034E-11 -.000000000022241 -4.164395E-11 -2.152534E-10 .00000004212988 -.000000000215564 -4.167631E-11 -2.225889E-11 -1.85523E-11 -1.855287E-11 -2.223112E-11 -4.169601E-11 -.000000000215564 .00000004211465 -2.156163E-10 -4.17523E-11 -2.224514E-11 -2.22323E-11 -1.852793E-11 -2.22355E-11 -4.167631E-11 -2.156163E-10 .0000000420956 -2.157116E-10 -4.167564E-11 -4.170378E-11 -2.223592E-11 -1.856378E-11 -2.225889E-11 -4.17523E-11 -2.157116E-10 .00000004210713 -2.154252E-10 -2.156597E-10 -4.166242E-11 -2.224034E-11 -1.85523E-11 -2.224514E-11 -4.167564E-11 -2.154252E-10 .00000004210396 
.00000004212452 -2.148251E-10 -4.169179E-11 -2.22194E-11 -1.854548E-11 -2.222364E-11 -4.167931E-11 -2.158422E-10 -2.148251E-10 .00000004209812 -2.156519E-10 -4.164299E-11 -2.221961E-11 -1.851578E-11 -2.221994E-11 -4.163732E-11 -4.169179E-11 -2.156519E-10 .00000004212081 -2.151114E-10 -4.171101E-11 -.000000000022226 -1.85606E-11 -2.224749E-11 -2.22194E-11 -4.164299E-11 -2.151114E-10 .0000000421368 -.000000000216268 -4.163185E-11 -2.223496E-11 -1.853226E-11 -1.854548E-11 -2.221961E-11 -4.171101E-11 -.000000000216268 .00000004211192 -2.156822E-10 -4.168316E-11 -2.222584E-11 -2.222364E-11 -1.851578E-11 -.000000000022226 -4.163185E-11 -2.156822E-10 .00000004210173 -2.151977E-10 -4.163145E-11 -4.167931E-11 -2.221994E-11 -1.85606E-11 -2.223496E-11 -4.168316E-11 -2.151977E-10 .00000004212899 -2.155241E-10 -2.158422E-10 -4.163732E-11 -2.224749E-11 -1.853226E-11 -2.222584E-11 -4.163145E-11 -2.155241E-10 .00000004207738 
.00000004211645 -2.154615E-10 -4.163027E-11 -2.221993E-11 -1.855251E-11 -2.223318E-11 -4.165189E-11 -2.160636E-10 -2.154615E-10 .00000004207966 -2.154782E-10 -4.165211E-11 -2.223773E-11 -1.853749E-11 -2.220891E-11 -4.163024E-11 -4.163027E-11 -2.154782E-10 .00000004207223 -2.153183E-10 -4.168799E-11 -2.220849E-11 -1.85213E-11 -2.219705E-11 -2.221993E-11 -4.165211E-11 -2.153183E-10 .00000004210138 -2.157559E-10 -4.164565E-11 -2.221514E-11 -1.852932E-11 -1.855251E-11 -2.223773E-11 -4.168799E-11 -2.157559E-10 .00000004209683 -2.149368E-10 -4.163791E-11 -2.222169E-11 -2.223318E-11 -1.853749E-11 -2.220849E-11 -4.164565E-11 -2.149368E-10 .00000004210395 -2.154877E-10 -4.161219E-11 -4.165189E-11 -2.220891E-11 -1.85213E-11 -2.221514E-11 -4.163791E-11 -2.154877E-10 .00000004208593 -.000000000215205 -2.160636E-10 -4.163024E-11 -2.219705E-11 -1.852932E-11 -2.222169E-11 -4.161219E-11 -.000000000215205 .00000004207441 
.00000004211759 -2.157408E-10 -4.170691E-11 -2.224945E-11 -1.856239E-11 -2.225049E-11 -4.174656E-11 -.000000000216584 -2.157408E-10 .00000004209924 -2.154084E-10 -4.165421E-11 -2.223572E-11 -1.854022E-11 -2.224415E-11 -4.169629E-11 -4.170691E-11 -2.154084E-10 .00000004211236 -2.151807E-10 -4.167581E-11 -2.222428E-11 -1.855014E-11 -2.223999E-11 -2.224945E-11 -4.165421E-11 -2.151807E-10 .00000004213115 -.00000000021663 -4.170082E-11 -2.223042E-11 -1.853998E-11 -1.856239E-11 -2.223572E-11 -4.167581E-11 -.00000000021663 .00000004210509 -2.152213E-10 -4.167147E-11 -2.223578E-11 -2.225049E-11 -1.854022E-11 -2.222428E-11 -4.170082E-11 -2.152213E-10 .00000004213851 -2.160836E-10 -4.168973E-11 -4.174656E-11 -2.224415E-11 -1.855014E-11 -2.223042E-11 -4.167147E-11 -2.160836E-10 .00000004211697 -2.151641E-10 -.000000000216584 -4.169629E-11 -2.223999E-11 -1.853998E-11 -2.223578E-11 -4.168973E-11 -2.151641E-10 .00000004205921 
.00000004211831 -2.159918E-10 -4.171572E-11 -2.222858E-11 -1.855956E-11 -2.223663E-11 -4.172283E-11 -2.159519E-10 -2.159918E-10 .00000004210678 -2.156239E-10 -4.162836E-11 -2.222788E-11 -1.852702E-11 -2.223098E-11 -4.163179E-11 -4.171572E-11 -2.156239E-10 .00000004212354 -2.152704E-10 -4.166392E-11 -2.222698E-11 -1.854498E-11 -2.222217E-11 -2.222858E-11 -4.162836E-11 -2.152704E-10 .00000004210128 -2.154589E-10 -4.159427E-11 -2.222277E-11 -1.852208E-11 -1.855956E-11 -2.222788E-11 -4.166392E-11 -2.154589E-10 .00000004215933 -2.146044E-10 -4.163857E-11 -2.220803E-11 -2.223663E-11 -1.852702E-11 -2.222698E-11 -4.159427E-11 -2.146044E-10 .00000004214299 -2.152865E-10 -4.16096E-11 -4.172283E-11 -2.223098E-11 -1.854498E-11 -2.222277E-11 -4.163857E-11 -2.152865E-10 .00000004210797 -2.153731E-10 -2.159519E-10 -4.163179E-11 -2.222217E-11 -1.852208E-11 -2.220803E-11 -4.16096E-11 -2.153731E-10 .0000000420673 
.00000004211391 -2.154937E-10 -4.172228E-11 -2.222791E-11 -1.85537E-11 -2.223213E-11 -4.168037E-11 -2.159225E-10 -2.154937E-10 .00000004212311 -2.156615E-10 -4.162353E-11 -2.222342E-11 -1.852249E-11 -2.22104E-11 -.000000000041642 -4.172228E-11 -2.156615E-10 .00000004206244 -.000000000215406 -4.169843E-11 -2.222784E-11 -1.854729E-11 -2.223638E-11 -2.222791E-11 -4.162353E-11 -.000000000215406 .00000004204407 -2.154902E-10 -4.160748E-11 -2.220955E-11 -1.852235E-11 -1.85537E-11 -2.222342E-11 -4.169843E-11 -2.154902E-10 .00000004208285 -2.155398E-10 -4.16768E-11 -2.222649E-11 -2.223213E-11 -1.852249E-11 -2.222784E-11 -4.160748E-11 -2.155398E-10 .00000004207634 -2.155949E-10 -4.164988E-11 -4.168037E-11 -2.22104E-11 -1.854729E-11 -2.220955E-11 -4.16768E-11 -2.155949E-10 .00000004207243 -2.153303E-10 -2.159225E-10 -.000000000041642 -2.223638E-11 -1.852235E-11 -2.222649E-11 -4.164988E-11 -2.153303E-10 .00000004207183 
.00000004207888 -2.154638E-10 -4.171206E-11 -2.222779E-11 -1.853925E-11 -2.223624E-11 -4.169386E-11 -2.152152E-10 -2.154638E-10 .00000004208127 -2.156866E-10 -4.16707E-11 -2.22223E-11 -1.853294E-11 -2.222648E-11 -4.162558E-11 -4.171206E-11 -2.156866E-10 .00000004209611 -2.156155E-10 -4.171174E-11 -2.223895E-11 -1.855942E-11 -2.222752E-11 -2.222779E-11 -4.16707E-11 -2.156155E-10 .00000004209589 -2.159002E-10 -4.168021E-11 -2.22432E-11 -1.853134E-11 -1.853925E-11 -2.22223E-11 -4.171174E-11 -2.159002E-10 .00000004210659 -2.156013E-10 -4.167469E-11 -2.221413E-11 -2.223624E-11 -1.853294E-11 -2.223895E-11 -4.168021E-11 -2.156013E-10 .00000004209243 -2.157809E-10 -4.165177E-11 -4.169386E-11 -2.222648E-11 -1.855942E-11 -2.22432E-11 -4.167469E-11 -2.157809E-10 .00000004210354 -2.155648E-10 -2.152152E-10 -4.162558E-11 -2.222752E-11 -1.853134E-11 -2.221413E-11 -4.165177E-11 -2.155648E-10 .00000004213306 
.00000004212634 -2.154874E-10 -4.171919E-11 -2.22364E-11 -1.85582E-11 -2.222735E-11 -4.168793E-11 -2.157796E-10 -2.154874E-10 .000000042108 -2.158601E-10 -4.167669E-11 -2.224916E-11 -1.853801E-11 -2.224187E-11 -4.170788E-11 -4.171919E-11 -2.158601E-10 .00000004217369 -2.154947E-10 -4.17093E-11 -2.222572E-11 -1.85439E-11 -2.225043E-11 -2.22364E-11 -4.167669E-11 -2.154947E-10 .00000004208555 -2.153405E-10 -4.163361E-11 -2.221212E-11 -1.853482E-11 -1.85582E-11 -2.224916E-11 -4.17093E-11 -2.153405E-10 .00000004212749 -2.154595E-10 -4.168971E-11 -2.224144E-11 -2.222735E-11 -1.853801E-11 -2.222572E-11 -4.163361E-11 -2.154595E-10 .00000004207391 -2.155512E-10 -4.167076E-11 -4.168793E-11 -2.224187E-11 -1.85439E-11 -2.221212E-11 -4.168971E-11 -2.155512E-10 .00000004216661 -2.154974E-10 -2.157796E-10 -4.170788E-11 -2.225043E-11 -1.853482E-11 -2.224144E-11 -4.167076E-11 -2.154974E-10 .00000004215108 
.00000004211123 -2.151764E-10 -4.165604E-11 -2.221203E-11 -1.855619E-11 -2.223026E-11 -4.167241E-11 -2.159118E-10 -2.151764E-10 .00000004204194 -2.156871E-10 -4.163555E-11 -2.223635E-11 -1.853178E-11 -2.221801E-11 -4.166893E-11 -4.165604E-11 -2.156871E-10 .00000004207675 -2.153667E-10 -4.172608E-11 -2.223611E-11 -1.854467E-11 -2.224429E-11 -2.221203E-11 -4.163555E-11 -2.153667E-10 .0000000420734 -2.158473E-10 -4.166036E-11 -2.222463E-11 -1.853875E-11 -1.855619E-11 -2.223635E-11 -4.172608E-11 -2.158473E-10 .00000004213439 -2.155174E-10 -4.170319E-11 -2.225372E-11 -2.223026E-11 -1.853178E-11 -2.223611E-11 -4.166036E-11 -2.155174E-10 .00000004209307 -.000000000215635 -4.167313E-11 -4.167241E-11 -2.221801E-11 -1.854467E-11 -2.222463E-11 -4.170319E-11 -.000000000215635 .0000000420802 -2.145918E-10 -2.159118E-10 -4.166893E-11 -2.224429E-11 -1.853875E-11 -2.225372E-11 -4.167313E-11 -2.145918E-10 .00000004212803 
.00000004213894 -2.149956E-10 -4.166841E-11 -2.222762E-11 -1.854146E-11 -2.220577E-11 -4.165397E-11 -.000000000216149 -2.149956E-10 .00000004208033 -2.155343E-10 -4.166434E-11 -2.22302E-11 -1.851823E-11 -2.221738E-11 -4.165745E-11 -4.166841E-11 -2.155343E-10 .00000004212346 -2.157454E-10 -4.171375E-11 -2.222025E-11 -1.85429E-11 -2.223942E-11 -2.222762E-11 -4.166434E-11 -2.157454E-10 .00000004212341 -2.153874E-10 -4.166189E-11 -2.223055E-11 -1.854533E-11 -1.854146E-11 -2.22302E-11 -4.171375E-11 -2.153874E-10 .00000004216168 -2.149027E-10 -4.16433E-11 -2.222928E-11 -2.220577E-11 -1.851823E-11 -2.222025E-11 -4.166189E-11 -2.149027E-10 .00000004209953 -.000000000215755 -4.161599E-11 -4.165397E-11 -2.221738E-11 -1.85429E-11 -2.223055E-11 -4.16433E-11 -.000000000215755 .00000004209812 -2.155674E-10 -.000000000216149 -4.165745E-11 -2.223942E-11 -1.854533E-11 -2.222928E-11 -4.161599E-11 -2.155674E-10 .00000004210213 
.00000004211476 -2.157526E-10 -4.169213E-11 -2.223335E-11 -1.854279E-11 -2.222776E-11 -4.167558E-11 -.000000000214843 -2.157526E-10 .00000004207599 -2.150656E-10 -4.165525E-11 -2.221295E-11 -1.852924E-11 -2.222209E-11 -4.163863E-11 -4.169213E-11 -2.150656E-10 .00000004210296 -2.150747E-10 -4.165785E-11 -2.221974E-11 -1.854681E-11 -2.222736E-11 -2.223335E-11 -4.165525E-11 -2.150747E-10 .00000004211645 -2.157692E-10 -4.165835E-11 -2.222559E-11 -1.85376E-11 -1.854279E-11 -2.221295E-11 -4.165785E-11 -2.157692E-10 .00000004207462 -2.147703E-10 -4.164565E-11 -2.221397E-11 -2.222776E-11 -1.852924E-11 -2.221974E-11 -4.165835E-11 -2.147703E-10 .00000004211018 -2.149248E-10 -.000000000041654 -4.167558E-11 -2.222209E-11 -1.854681E-11 -2.222559E-11 -4.164565E-11 -2.149248E-10 .00000004210299 -2.154882E-10 -.000000000214843 -4.163863E-11 -2.222736E-11 -1.85376E-11 -2.221397E-11 -.000000000041654 -2.154882E-10 .00000004215958 
.00000004216087 -2.154908E-10 -4.168708E-11 -2.224408E-11 -1.856427E-11 -2.22313E-11 -4.170934E-11 -2.154841E-10 -2.154908E-10 .00000004212055 -2.158858E-10 -4.168524E-11 -2.224061E-11 -1.853202E-11 -2.223394E-11 -4.166469E-11 -4.168708E-11 -2.158858E-10 .00000004217422 -2.156443E-10 -4.16949E-11 -2.22167E-11 -1.854969E-11 -2.224141E-11 -2.224408E-11 -4.168524E-11 -2.156443E-10 .00000004208694 -2.158385E-10 -4.162238E-11 -2.222378E-11 -1.854305E-11 -1.856427E-11 -2.224061E-11 -4.16949E-11 -2.158385E-10 .00000004213524 -2.146385E-10 -4.169268E-11 -2.224022E-11 -2.22313E-11 -1.853202E-11 -2.22167E-11 -4.162238E-11 -2.146385E-10 .00000004208873 -2.154815E-10 -4.165843E-11 -4.170934E-11 -2.223394E-11 -1.854969E-11 -2.222378E-11 -4.169268E-11 -2.154815E-10 .00000004210967 -2.152948E-10 -2.154841E-10 -4.166469E-11 -2.224141E-11 -1.854305E-11 -2.224022E-11 -4.165843E-11 -2.152948E-10 .00000004209385 
.00000004214894 -.000000000215423 -4.16637E-11 -2.221089E-11 -1.85521E-11 -2.221138E-11 -4.167248E-11 -2.154502E-10 -.000000000215423 .00000004211661 -2.155494E-10 -4.163665E-11 -2.224572E-11 -1.852177E-11 -2.222208E-11 -4.162987E-11 -4.16637E-11 -2.155494E-10 .00000004212031 -2.152864E-10 -4.172828E-11 -2.221837E-11 -1.854279E-11 -2.221938E-11 -2.221089E-11 -4.163665E-11 -2.152864E-10 .0000000420923 -2.153254E-10 -4.161146E-11 -2.220807E-11 -1.851559E-11 -1.85521E-11 -2.224572E-11 -4.172828E-11 -2.153254E-10 .000000042126 -2.151792E-10 -4.170116E-11 -2.222435E-11 -2.221138E-11 -1.852177E-11 -2.221837E-11 -4.161146E-11 -2.151792E-10 .00000004209085 -2.156822E-10 -4.160791E-11 -4.167248E-11 -2.222208E-11 -1.854279E-11 -2.220807E-11 -4.170116E-11 -2.156822E-10 .00000004213429 -2.159736E-10 -2.154502E-10 -4.162987E-11 -2.221938E-11 -1.851559E-11 -2.222435E-11 -4.160791E-11 -2.159736E-10 .00000004208141 
.00000004221595 -2.159887E-10 -4.180888E-11 -2.228421E-11 -1.861032E-11 -2.227883E-11 -4.185909E-11 -2.156675E-10 -2.159887E-10 .00000004214065 -.000000000215912 -4.169543E-11 -2.225549E-11 -1.853201E-11 -2.225343E-11 -4.167483E-11 -4.180888E-11 -.000000000215912 .000000042162 -2.154948E-10 -4.173437E-11 -2.224416E-11 -1.858416E-11 -2.225982E-11 -2.228421E-11 -4.169543E-11 -2.154948E-10 .00000004213328 -2.153337E-10 -4.164416E-11 -2.225628E-11 -1.853587E-11 -1.861032E-11 -2.225549E-11 -4.173437E-11 -2.153337E-10 .00000004213828 -2.159452E-10 -4.178945E-11 -2.225464E-11 -2.227883E-11 -1.853201E-11 -2.224416E-11 -4.164416E-11 -2.159452E-10 .00000004212088 -2.163018E-10 -4.169729E-11 -4.185909E-11 -2.225343E-11 -1.858416E-11 -2.225628E-11 -4.178945E-11 -2.163018E-10 .00000004216333 -2.156965E-10 -2.156675E-10 -4.167483E-11 -2.225982E-11 -1.853587E-11 -2.225464E-11 -4.169729E-11 -2.156965E-10 .00000004208709 
.00000004214449 -.000000000215618 -4.173138E-11 -2.22315E-11 -1.855217E-11 -2.223945E-11 -4.170047E-11 -2.158761E-10 -.000000000215618 .00000004208495 -2.155615E-10 -4.165752E-11 -2.223796E-11 -1.854199E-11 -2.222932E-11 -4.165586E-11 -4.173138E-11 -2.155615E-10 .00000004212851 -2.154305E-10 -4.169647E-11 -2.223952E-11 -1.855897E-11 -2.224106E-11 -2.22315E-11 -4.165752E-11 -2.154305E-10 .00000004212999 -2.151335E-10 -4.164035E-11 -2.222539E-11 -1.852687E-11 -1.855217E-11 -2.223796E-11 -4.169647E-11 -2.151335E-10 .00000004210473 -2.154456E-10 -4.167396E-11 -2.221775E-11 -2.223945E-11 -1.854199E-11 -2.223952E-11 -4.164035E-11 -2.154456E-10 .00000004210485 -.000000000215182 -4.166163E-11 -4.170047E-11 -2.222932E-11 -1.855897E-11 -2.222539E-11 -4.167396E-11 -.000000000215182 .00000004211989 -2.153286E-10 -2.158761E-10 -4.165586E-11 -2.224106E-11 -1.852687E-11 -2.221775E-11 -4.166163E-11 -2.153286E-10 .00000004205919 
.0000000420851 -2.156513E-10 -4.164513E-11 -2.221913E-11 -1.854954E-11 -2.223186E-11 -4.166801E-11 -2.155221E-10 -2.156513E-10 .00000004212025 -2.156572E-10 -4.16572E-11 -2.224066E-11 -1.854686E-11 -2.22213E-11 -4.165537E-11 -4.164513E-11 -2.156572E-10 .00000004208147 -2.155021E-10 -4.168584E-11 -2.222516E-11 -1.853595E-11 -2.222917E-11 -2.221913E-11 -4.16572E-11 -2.155021E-10 .0000000420963 -.000000000215389 -4.167438E-11 -2.222229E-11 -1.853293E-11 -1.854954E-11 -2.224066E-11 -4.168584E-11 -.000000000215389 .00000004210154 -2.156934E-10 -4.170154E-11 -2.223406E-11 -2.223186E-11 -1.854686E-11 -2.222516E-11 -4.167438E-11 -2.156934E-10 .00000004208429 -2.156858E-10 -4.167475E-11 -4.166801E-11 -2.22213E-11 -1.853595E-11 -2.222229E-11 -4.170154E-11 -2.156858E-10 .00000004210894 -.000000000215496 -2.155221E-10 -4.165537E-11 -2.222917E-11 -1.853293E-11 -2.223406E-11 -4.167475E-11 -.000000000215496 .00000004209623 
.0000000421202 -2.153779E-10 -4.169642E-11 -2.223908E-11 -1.855904E-11 -2.222469E-11 -4.168893E-11 -2.158045E-10 -2.153779E-10 .00000004210225 -2.147708E-10 -4.165146E-11 -2.223554E-11 -1.852081E-11 -2.221649E-11 -4.165954E-11 -4.169642E-11 -2.147708E-10 .00000004211563 -2.155157E-10 -4.170301E-11 -2.221609E-11 -1.853812E-11 -2.224177E-11 -2.223908E-11 -4.165146E-11 -2.155157E-10 .00000004212191 -2.159222E-10 -4.162342E-11 -2.223341E-11 -1.85503E-11 -1.855904E-11 -2.223554E-11 -4.170301E-11 -2.159222E-10 .00000004213893 -2.149252E-10 -4.168012E-11 -2.223406E-11 -2.222469E-11 -1.852081E-11 -2.221609E-11 -4.162342E-11 -2.149252E-10 .00000004211621 -2.155979E-10 -4.163847E-11 -4.168893E-11 -2.221649E-11 -1.853812E-11 -2.223341E-11 -4.168012E-11 -2.155979E-10 .00000004209744 -2.152678E-10 -2.158045E-10 -4.165954E-11 -2.224177E-11 -1.85503E-11 -2.223406E-11 -4.163847E-11 -2.152678E-10 .00000004209807 
.00000004214336 -.000000000215721 -4.17507E-11 -2.224989E-11 -1.857054E-11 -2.22401E-11 -4.172992E-11 -2.158986E-10 -.000000000215721 .00000004209249 -2.156212E-10 -4.165569E-11 -2.223323E-11 -1.853018E-11 -2.222505E-11 -4.166257E-11 -4.17507E-11 -2.156212E-10 .00000004207674 -2.154966E-10 -4.170233E-11 -2.220707E-11 -1.853942E-11 -2.222939E-11 -2.224989E-11 -4.165569E-11 -2.154966E-10 .00000004207123 -2.156811E-10 -4.160641E-11 -2.221842E-11 -1.852891E-11 -1.857054E-11 -2.223323E-11 -4.170233E-11 -2.156811E-10 .00000004211246 -2.154945E-10 -4.166047E-11 -2.223595E-11 -2.22401E-11 -1.853018E-11 -2.220707E-11 -4.160641E-11 -2.154945E-10 .00000004206484 -2.154006E-10 -4.162878E-11 -4.172992E-11 -2.222505E-11 -1.853942E-11 -2.221842E-11 -4.166047E-11 -2.154006E-10 .0000000420706 -2.154109E-10 -2.158986E-10 -4.166257E-11 -2.222939E-11 -1.852891E-11 -2.223595E-11 -4.162878E-11 -2.154109E-10 .00000004208693 
.0000000421409 -2.156379E-10 -4.168244E-11 -2.223571E-11 -1.856279E-11 -2.223516E-11 -4.170598E-11 -2.158247E-10 -2.156379E-10 .00000004215399 -2.161743E-10 -4.167254E-11 -2.22517E-11 -1.854701E-11 -2.223481E-11 -4.168098E-11 -4.168244E-11 -2.161743E-10 .00000004211084 -2.152004E-10 -.000000000041697 -2.221948E-11 -1.853329E-11 -2.221628E-11 -2.223571E-11 -4.167254E-11 -2.152004E-10 .00000004209868 -2.153888E-10 -4.16431E-11 -2.222133E-11 -1.853142E-11 -1.856279E-11 -2.22517E-11 -.000000000041697 -2.153888E-10 .00000004216982 -2.157407E-10 -4.169205E-11 -2.223849E-11 -2.223516E-11 -1.854701E-11 -2.221948E-11 -4.16431E-11 -2.157407E-10 .00000004212707 -2.156691E-10 -4.165957E-11 -4.170598E-11 -2.223481E-11 -1.853329E-11 -2.222133E-11 -4.169205E-11 -2.156691E-10 .00000004211684 -2.155784E-10 -2.158247E-10 -4.168098E-11 -2.221628E-11 -1.853142E-11 -2.223849E-11 -4.165957E-11 -2.155784E-10 .00000004210672 
.00000004210829 -2.157568E-10 -4.174552E-11 -2.224209E-11 -1.857568E-11 -2.225828E-11 -4.171695E-11 -2.160282E-10 -2.157568E-10 .00000004204497 -2.156741E-10 -4.161997E-11 -2.223157E-11 -1.85362E-11 -2.222003E-11 -4.163488E-11 -4.174552E-11 -2.156741E-10 .00000004213005 -2.154666E-10 -4.173062E-11 -2.224876E-11 -1.856032E-11 -2.225885E-11 -2.224209E-11 -4.161997E-11 -2.154666E-10 .00000004211054 -2.153967E-10 -4.165237E-11 -2.221499E-11 -1.853135E-11 -1.857568E-11 -2.223157E-11 -4.173062E-11 -2.153967E-10 .00000004209432 -.000000000215343 -4.167961E-11 -2.223592E-11 -2.225828E-11 -1.85362E-11 -2.224876E-11 -4.165237E-11 -.000000000215343 .00000004209686 -2.157906E-10 -4.167725E-11 -4.171695E-11 -2.222003E-11 -1.856032E-11 -2.221499E-11 -4.167961E-11 -2.157906E-10 .00000004211185 -2.153814E-10 -2.160282E-10 -4.163488E-11 -2.225885E-11 -1.853135E-11 -2.223592E-11 -4.167725E-11 -2.153814E-10 .00000004209637 
.00000004211312 -2.156925E-10 -4.172126E-11 -2.223105E-11 -1.855318E-11 -2.223639E-11 -4.168286E-11 -2.155011E-10 -2.156925E-10 .00000004211466 -2.160014E-10 -4.166874E-11 -2.223746E-11 -1.854385E-11 -2.223304E-11 -4.164423E-11 -4.172126E-11 -2.160014E-10 .00000004215409 -2.154009E-10 -4.17226E-11 -2.223351E-11 -1.854608E-11 -2.224156E-11 -2.223105E-11 -4.166874E-11 -2.154009E-10 .00000004210964 -2.155866E-10 -4.164407E-11 -2.221571E-11 -1.852615E-11 -1.855318E-11 -2.223746E-11 -4.17226E-11 -2.155866E-10 .00000004212745 -2.153011E-10 -4.168155E-11 -2.221886E-11 -2.223639E-11 -1.854385E-11 -2.223351E-11 -4.164407E-11 -2.153011E-10 .00000004210178 -2.160205E-10 -4.167288E-11 -4.168286E-11 -2.223304E-11 -1.854608E-11 -2.221571E-11 -4.168155E-11 -2.160205E-10 .00000004209167 -2.157374E-10 -2.155011E-10 -4.164423E-11 -2.224156E-11 -1.852615E-11 -2.221886E-11 -4.167288E-11 -2.157374E-10 .00000004208308 
.00000004212225 -2.159194E-10 -4.172037E-11 -2.223766E-11 -1.856602E-11 -2.224879E-11 -4.173672E-11 -2.164107E-10 -2.159194E-10 .00000004210342 -2.158929E-10 -4.16689E-11 -2.224252E-11 -1.854551E-11 -2.224663E-11 -4.166983E-11 -4.172037E-11 -2.158929E-10 .00000004217479 -2.158546E-10 -4.173992E-11 -2.225236E-11 -1.85761E-11 -2.224685E-11 -2.223766E-11 -4.16689E-11 -2.158546E-10 .00000004208224 -2.155401E-10 -4.165571E-11 -2.224855E-11 -1.853563E-11 -1.856602E-11 -2.224252E-11 -4.173992E-11 -2.155401E-10 .00000004209542 -2.157596E-10 -4.17236E-11 -2.223308E-11 -2.224879E-11 -1.854551E-11 -2.225236E-11 -4.165571E-11 -2.157596E-10 .00000004209106 -2.158872E-10 -4.164038E-11 -4.173672E-11 -2.224663E-11 -1.85761E-11 -2.224855E-11 -4.17236E-11 -2.158872E-10 .00000004210779 -2.162989E-10 -2.164107E-10 -4.166983E-11 -2.224685E-11 -1.853563E-11 -2.223308E-11 -4.164038E-11 -2.162989E-10 .00000004212548 
.00000004215036 -2.153668E-10 -4.166753E-11 -2.222626E-11 -1.854985E-11 -2.224098E-11 -4.176113E-11 -2.158841E-10 -2.153668E-10 .00000004210387 -2.151117E-10 -4.165476E-11 -2.22312E-11 -1.853385E-11 -2.224868E-11 -4.165883E-11 -4.166753E-11 -2.151117E-10 .00000004218488 -2.155548E-10 -4.164995E-11 -2.222136E-11 -1.855324E-11 -2.220353E-11 -2.222626E-11 -4.165476E-11 -2.155548E-10 .00000004209067 -2.157585E-10 -4.166229E-11 -2.224195E-11 -1.851599E-11 -1.854985E-11 -2.22312E-11 -4.164995E-11 -2.157585E-10 .00000004212889 -2.151646E-10 -4.168502E-11 -2.220854E-11 -2.224098E-11 -1.853385E-11 -2.222136E-11 -4.166229E-11 -2.151646E-10 .00000004211268 -2.159083E-10 -4.165059E-11 -4.176113E-11 -2.224868E-11 -1.855324E-11 -2.224195E-11 -4.168502E-11 -2.159083E-10 .0000000421476 -2.161385E-10 -2.158841E-10 -4.165883E-11 -2.220353E-11 -1.851599E-11 -2.220854E-11 -4.165059E-11 -2.161385E-10 .00000004207116 
.00000004215301 -2.152164E-10 -4.165504E-11 -2.221476E-11 -1.853732E-11 -2.222285E-11 -4.165157E-11 -2.155661E-10 -2.152164E-10 .0000000421105 -2.151678E-10 -4.165193E-11 -2.223166E-11 -1.853826E-11 -2.221975E-11 -4.165918E-11 -4.165504E-11 -2.151678E-10 .00000004213472 -2.146764E-10 -4.170239E-11 -2.223121E-11 -1.854571E-11 -2.223498E-11 -2.221476E-11 -4.165193E-11 -2.146764E-10 .00000004218698 -2.153808E-10 -4.16692E-11 -2.223347E-11 -1.854039E-11 -1.853732E-11 -2.223166E-11 -4.170239E-11 -2.153808E-10 .00000004213133 -.000000000215039 -4.166531E-11 -2.223421E-11 -2.222285E-11 -1.853826E-11 -2.223121E-11 -4.16692E-11 -.000000000215039 .00000004212916 -2.156992E-10 -4.167451E-11 -4.165157E-11 -2.221975E-11 -1.854571E-11 -2.223347E-11 -4.166531E-11 -2.156992E-10 .00000004209327 -2.153248E-10 -2.155661E-10 -4.165918E-11 -2.223498E-11 -1.854039E-11 -2.223421E-11 -4.167451E-11 -2.153248E-10 .00000004214216 
.00000004210537 -2.156419E-10 -4.169393E-11 -2.222879E-11 -1.854878E-11 -2.224008E-11 -4.165705E-11 -2.154793E-10 -2.156419E-10 .0000000420942 -2.158908E-10 -4.166055E-11 -2.223687E-11 -1.854186E-11 -2.223673E-11 -4.167563E-11 -4.169393E-11 -2.158908E-10 .00000004212778 -2.148978E-10 -4.168598E-11 -2.22363E-11 -1.856052E-11 -2.224806E-11 -2.222879E-11 -4.166055E-11 -2.148978E-10 .00000004210171 -2.155246E-10 -4.168058E-11 -2.22364E-11 -1.855047E-11 -1.854878E-11 -2.223687E-11 -4.168598E-11 -2.155246E-10 .00000004207728 -2.152148E-10 -4.169765E-11 -2.224017E-11 -2.224008E-11 -1.854186E-11 -2.22363E-11 -4.168058E-11 -2.152148E-10 .00000004209728 -.000000000215518 -4.166588E-11 -4.165705E-11 -2.223673E-11 -1.856052E-11 -2.22364E-11 -4.169765E-11 -.000000000215518 .00000004211124 -.000000000215597 -2.154793E-10 -4.167563E-11 -2.224806E-11 -1.855047E-11 -2.224017E-11 -4.166588E-11 -.000000000215597 .00000004207912 
